0,
0,
1,
2,
1,
2,
3,
4,
5,
5,
5,
5,
5,
5,
5,
5,
5,
5,
5,
5,
5,
6,
6,
7,
7,
5,
7,
8,
8,
9,
9,
11,
11,
12,
13,
14,
14,
14,
14,
14,
14,
14,
14,
14,
15,
14,
14,
14,
14,
14,
14,
14,
14,
14,
14,
14,
15,
15,
15,
15,
15,
15,
15,
15,
15,
16,
15,
16,
16,
16,
16,
16,
16,
16,
16,
16,
16,
16,
16,
16,
16,
16,
16,
16,
16,
16,
16,
16,
16,
16,
16,
16,
16,
16,
16,
16,
16,
16,
16,
16,
16,
16,
16,
16,
16,
16,
16,
16,
16,
16,
17,
17,
17,
19,
20,
21,
22,
23,
24,
25,
25,
26,
28,
29,
29,
30,
31,
31,
32,
33,
34,
35,
35,
36,
37,
38,
38,
39,
40,
41,
42,
43,
44,
45,
45,
45,
46,
47,
47,
48,
49,
49,
50,
50,
51,
51,
51,
52,
52,
52,
52,
52,
52,
52,
52,
52,
52,
52,
52,
52,
52,
52,
53,
53,
53,
54,
54,
54,
55,
55,
55,
55,
56,
56,
56,
56,
57,
57,
58,
59,
59,
60,
61,
61,
61,
63,
64,
65,
66,
66,
67,
68,
69,
70,
70,
70,
70,
71,
71,
72,
73,
73,
74,
74,
74,
74,
75,
75,
76,
77,
78,
78,
79,
80,
81,
81,
82,
83,
83,
83,
84,
84,
84,
84,
85,
85,
85,
86,
86,
87,
88,
88,
90,
90,
90,
90,
90,
90,
90,
90,
90,
90,
90,
90,
90,
90,
90,
90,
90,
90,
91,
91,
91,
91,
91,
91,
91,
91,
91,
92,
92,
92,
92,
92,
93,
94,
95,
95,
96,
97,
98,
98,
98,
98,
98,
98,
99,
100,
100,
101,
101,
102,
103,
103,
103,
103,
104,
104,
105,
105,
106,
108,
108,
108,
109,
56,
109
,109,109,109,109,109,111,110,111,111,112,112,112,112,112,113,113,114,114,114,114,114,115,115,116,117,118,119,119,118,118,119,119,119,119,119,119,119,119,119,119,119,119,119,119,119,120,120,120,120,120,120,120,120,121,121,122,123,123,123,123,123,123,124,124,125,127,128,129,130,130,130,130,131,131,131,131,131,131,131,131,131,132,131,132,132,132,132,132,133,133,133,133,134,134,134,134,134,134,135,134,135,135,135,136,136,137,138,139,140,141,142,143,144,145,145,146,147,148,149,150,150,149,149,150,151,151,152,152,152,152,152,153,154,154,152,154,153,153,153,152,152,154,154,152,154,154